0
0.0174747
0.0349494
0.052424
0.0698987
0.0873733
0.104848
0.122322
0.139797
0.157271
0.174746
0.19222
0.209694
0.227169
0.244643
0.262117
0.279591
0.297064
0.314538
0.332012
0.349485
0.366958
0.384432
0.401905
0.419378
0.43685
0.454323
0.471795
0.489268
0.50674
0.524212
0.541683
0.559155
0.576626
0.594097
0.611568
0.629039
0.646509
0.66398
0.68145
0.698919
0.716389
0.733858
0.751327
0.768796
0.786265
0.803733
0.821201
0.838669
0.856136
0.873603
0.89107
0.908537
0.926003
0.943469
0.960935
0.9784
0.995865
1.01333
1.03079
1.04826
1.06572
1.08319
1.10065
1.11811
1.13557
1.15304
1.1705
1.18796
1.20542
1.22288
1.24034
1.2578
1.27526
1.29272
1.31018
1.32764
1.3451
1.36255
1.38001
1.39747
1.41493
1.43238
1.44984
1.46729
1.48475
1.5022
1.51966
1.53711
1.55457
1.57202
1.58947
1.60693
1.62438
1.64183
1.65928
1.67673
1.69418
1.71163
1.72909
1.74653
1.76398
1.78143
1.79888
1.81633
1.83378
1.85123
1.86867
1.88612
1.90357
1.92101
1.93846
1.9559
1.97335
1.99079
2.00824
2.02568
2.04313
2.06057
2.07801
2.09545
2.1129
2.13034
2.14778
2.16522
2.18266
2.2001
2.21755
2.23499
2.25243
2.26987
2.2873
2.30474
2.32218
2.33962
2.35706
2.3745
2.39194
2.40937
2.42681
2.44425
2.46168
2.47912
2.49656
2.51399
2.53143
2.54886
2.5663
2.58374
2.60117
2.61861
2.63604
2.65347
2.67091
2.68834
2.70578
2.72321
2.74064
2.75808
2.77551
2.79295
2.81038
2.82781
2.84524
2.86268
2.88011
2.89754
2.91497
2.93241
2.94984
2.96727
2.9847
3.00214
3.01957
3.037
3.05443
3.07186
3.0893
3.10673
3.12416
3.14159
3.15902
3.17646
3.19389
3.21132
3.22875
3.24618
3.26362
3.28105
3.29848
3.31591
3.33335
3.35078
3.36821
3.38564
3.40308
3.42051
3.43794
3.45537
3.47281
3.49024
3.50767
3.52511
3.54254
3.55997
3.57741
3.59484
3.61228
3.62971
3.64715
3.66458
3.68201
3.69945
3.71689
3.73432
3.75176
3.76919
3.78663
3.80406
3.8215
3.83894
3.85638
3.87381
3.89125
3.90869
3.92613
3.94356
3.961
3.97844
3.99588
4.01332
4.03076
4.0482
4.06564
4.08308
4.10052
4.11796
4.1354
4.15285
4.17029
4.18773
4.20517
4.22262
4.24006
4.2575
4.27495
4.29239
4.30984
4.32728
4.34473
4.36217
4.37962
4.39707
4.41451
4.43196
4.44941
4.46686
4.4843
4.50175
4.5192
4.53665
4.5541
4.57155
4.589
4.60645
4.6239
4.64135
4.65881
4.67626
4.69371
4.71116
4.72862
4.74607
4.76353
4.78098
4.79844
4.81589
4.83335
4.8508
4.86826
4.88572
4.90317
4.92063
4.93809
4.95555
4.97301
4.99046
5.00792
5.02538
5.04284
5.0603
5.07776
5.09523
5.11269
5.13015
5.14761
5.16507
5.18254
5.2
5.21746
5.23493
5.25239
5.26986
5.28732
5.30479
5.32225
5.33972
5.35718
5.37465
5.39212
5.40958
5.42705
5.44452
5.46198
5.47945
5.49692
5.51439
5.53186
5.54933
5.5668
5.58427
5.60174
5.61921
5.63668
5.65415
5.67162
5.68909
5.70656
5.72403
5.7415
5.75897
5.77645
5.79392
5.81139
5.82886
5.84633
5.86381
5.88128
5.89875
5.91623
5.9337
5.95117
5.96865
5.98612
6.00359
6.02107
6.03854
6.05602
6.07349
6.09097
6.10844
6.12591
6.14339
6.16086
6.17834
6.19581
6.21329
6.23076
6.24824
6.26571
6.28319
