0.353279
0.370538
0.387814
0.405107
0.422414
0.439733
0.457063
0.474402
0.49175
0.509106
0.526468
0.543837
0.561211
0.578591
0.595975
0.613363
0.630756
0.648152
0.665551
0.682953
0.700358
0.717766
0.735177
0.752589
0.770004
0.787421
0.804839
0.82226
0.839682
0.857105
0.87453
0.891957
0.909385
0.926814
0.944244
0.961675
0.979107
0.996541
1.01397
1.03141
1.04885
1.06628
1.08372
1.10116
1.1186
1.13604
1.15348
1.17092
1.18836
1.20581
1.22325
1.24069
1.25814
1.27558
1.29303
1.31047
1.32792
1.34537
1.36282
1.38026
1.39771
1.41516
1.43261
1.45006
1.46751
1.48496
1.50241
1.51986
1.53732
1.55477
1.57222
1.58968
1.60713
1.62458
1.64204
1.65949
1.67695
1.69441
1.71186
1.72932
1.74678
1.76424
1.78169
1.79915
1.81661
1.83407
1.85153
1.86899
1.88646
1.90392
1.92138
1.93884
1.95631
1.97377
1.99124
2.0087
2.02617
2.04364
2.06111
2.07857
2.09604
2.11351
2.13099
2.14846
2.16593
2.18341
2.20088
2.21836
2.23583
2.25331
2.27079
2.28828
2.30576
2.32324
2.34073
2.35822
2.37571
2.3932
2.41069
2.42819
2.44569
2.46319
2.48069
2.4982
2.51571
2.53323
2.55074
2.56827
2.58579
2.60333
2.62086
2.63841
2.65596
2.67352
2.69108
2.70866
2.72625
2.74385
2.76146
2.77909
2.79674
2.81441
2.8321
2.84983
2.86758
2.88538
2.90323
2.92115
2.93914
2.95724
2.97546
2.99386
3.01251
3.03152
3.05106
3.07148
3.09348
3.11877
3.15295
3.2308
2.79295
3.14464
1.68663
3.33082
3.30897
-0.758085
3.1609
3.10356
3.13987
3.89667
3.29371
2.98648
3.37072
3.06183
0.558822
3.20987
3.10655
3.43234
-0.850501
3.15802
3.14159
3.15906
3.17653
3.194
3.21148
3.22895
3.24642
3.2639
3.28138
3.29885
3.31633
3.3338
3.35128
3.36874
3.38622
3.4037
3.42117
3.43864
3.45612
3.47359
3.49106
3.50854
3.52601
3.54348
3.56096
3.57842
3.5959
3.61337
3.63084
3.64831
3.66579
3.68326
3.70073
3.7182
3.73568
3.75315
3.77061
3.78809
3.80556
3.82303
3.8405
3.85796
3.87543
3.89291
3.91037
3.92784
3.94531
3.96278
3.98025
3.99771
4.01518
4.03264
4.05011
4.06758
4.08504
4.10251
4.11998
4.13744
4.15491
4.17237
4.18983
4.2073
4.22476
4.24222
4.25969
4.27715
4.29462
4.31207
4.32954
4.347
4.36446
4.38192
4.39938
4.41684
4.4343
4.45176
4.46922
4.48667
4.50413
4.52159
4.53904
4.5565
4.57396
4.59141
4.60887
4.62633
4.64379
4.66124
4.67869
4.69615
4.7136
4.73106
4.7485
4.76596
4.78341
4.80086
4.81831
4.83576
4.85321
4.87067
4.88811
4.90556
4.92301
4.94046
4.95791
4.97535
4.9928
5.01025
5.0277
5.04515
5.06259
5.08004
5.09749
5.11492
5.13237
5.14981
5.16726
5.1847
5.20215
5.21959
5.23704
5.25448
5.27192
5.28936
5.3068
5.32424
5.34168
5.35912
5.37656
5.394
5.41145
5.42889
5.44632
5.46376
5.4812
5.49863
5.51608
5.53351
5.55096
5.56838
5.58583
5.60326
5.6207
5.63814
5.65557
5.673
5.69044
5.70788
5.72531
5.74275
5.76019
5.77762
5.79505
5.81249
5.82992
5.84736
5.86479
5.88222
5.89966
5.91709
5.93369
6.40722
6.36434
6.36508
6.3747
6.3876
6.40209
6.41745
6.43336
6.44962
6.46612
6.4828
6.49961
6.51653
6.53352
6.55058
6.56768
6.58483
6.60201
6.61923
6.63646
