0.0872665
0.0262225
0.0524451
0.0786463
0.10489
0.13107
0.157293
0.183494
0.20978
0.235918
0.26214
0.288342
0.314585
0.340765
0.366988
0.393189
0.419561
0.445613
0.471835
0.498037
0.524281
0.55046
0.576683
0.602863
0.629064
0.655351
0.681488
0.707711
0.733912
0.760156
0.786336
0.812558
0.838738
0.864939
0.891481
0.917363
0.943586
0.969787
0.995967
1.02221
1.04839
1.07461
1.10079
1.12699
1.15328
1.17942
1.2056
1.23182
1.25802
1.2842
1.31045
1.33663
1.36281
1.38903
1.41521
1.44141
1.46778
1.49396
1.52001
1.54619
1.57242
1.5986
1.6248
1.65098
1.67722
1.7034
1.72956
1.75576
1.78194
1.80816
1.83434
1.86052
1.88672
1.9129
1.93908
1.96527
1.99155
2.01773
2.04391
2.07009
2.09623
2.12241
2.14859
2.17477
2.20095
2.22713
2.25331
2.27949
2.30567
2.33185
2.35803
2.38421
2.41039
2.43657
2.46275
2.48893
2.51511
2.54129
2.56747
2.59365
2.61983
2.64605
2.67223
2.69841
2.72459
2.75067
2.77684
2.80302
2.8292
2.85536
2.88154
2.90772
2.93386
2.96004
2.9862
3.0124
3.03858
3.06469
3.09087
3.11703
3.14321
3.16935
3.19553
3.22184
3.24802
3.27401
3.30016
3.32634
3.35248
3.37866
3.40484
3.43096
3.45714
3.4833
3.50943
3.53561
3.56184
3.58791
3.61407
3.64025
3.66638
3.69256
3.71868
3.74486
3.77102
3.79716
3.82363
3.84945
3.87561
3.90179
3.92793
3.95411
3.98022
4.00638
4.03252
4.05874
4.08482
4.11097
4.13712
4.16329
4.18947
4.21559
4.24175
4.26788
4.29419
4.32018
4.34634
4.37248
4.39866
4.42477
4.45093
4.47707
4.50329
4.52936
4.55552
4.58166
4.60784
4.63396
4.66011
4.68625
4.79966
4.73855
4.76471
4.79084
4.81702
4.84314
4.8693
4.89544
4.92166
4.94773
4.97389
5.00003
5.02621
5.05232
5.07848
5.10462
5.13093
5.15692
5.18307
5.20921
5.23539
5.26151
5.28767
5.31385
5.33998
5.36621
5.39228
5.41844
5.44458
5.47075
5.49687
5.52303
5.54921
5.57535
5.60183
5.62764
5.6538
5.67994
5.70612
5.7323
5.75841
5.78457
5.81075
5.83689
5.86311
5.88919
5.91537
5.94153
5.96766
5.99384
6.02002
6.04614
6.07232
6.09848
6.12466
6.15079
6.1771
6.20328
6.22927
6.25545
6.28161
6.30779
6.33393
6.36011
6.38629
6.41247
6.43859
6.46476
6.49094
6.5171
6.54328
6.56946
6.5956
6.62178
6.64796
6.67412
6.70036
6.72654
6.75272
6.7789
6.80497
6.83115
6.85733
6.88351
6.90969
6.93587
6.96205
6.98823
7.01441
7.04059
7.06677
7.09295
7.11913
7.14531
7.17149
7.19767
7.22385
7.25003
7.27621
7.30239
7.32857
7.35486
7.38104
7.40722
7.4334
7.45951
7.48572
7.5119
7.53808
7.5643
7.59048
7.61666
7.64286
7.66904
7.69523
7.72146
7.74764
7.77382
7.8
7.82623
7.85241
7.87861
7.90479
7.93116
7.95734
7.98339
8.00958
8.03579
8.06199
8.08817
8.11442
8.1406
8.16678
8.193
8.2192
8.24538
8.27167
8.2978
8.324
8.35021
8.37641
8.40265
8.42883
8.45501
8.48123
8.50744
8.53398
8.55986
8.58605
8.61226
8.63846
8.66471
8.69089
8.71711
8.74331
8.7696
8.79574
8.82193
8.84814
8.87434
8.90058
8.92676
8.95299
8.97919
9.00556
9.03161
9.05783
9.08403
9.11028
9.13646
9.16268
9.18888
9.21517
9.24131
9.26753
9.29373
9.31997
9.34615
9.37238
9.39858
9.51204
