0.0873733
0.0262546
0.0525093
0.0787426
0.105018
0.13123
0.157485
0.183718
0.210035
0.236204
0.262457
0.28869
0.314964
0.341174
0.367428
0.393658
0.42006
0.446141
0.472392
0.498622
0.524894
0.551101
0.577351
0.603558
0.629785
0.656098
0.68226
0.708507
0.734732
0.761
0.787203
0.813447
0.839649
0.865871
0.892434
0.918336
0.944578
0.970797
0.996995
1.02326
1.04945
1.07569
1.10188
1.1281
1.1544
1.18055
1.20674
1.23297
1.25919
1.28537
1.31163
1.33782
1.36401
1.39023
1.41642
1.44262
1.469
1.49518
1.52123
1.54741
1.57364
1.59982
1.62602
1.6522
1.67844
1.70461
1.73077
1.75696
1.78314
1.80935
1.83552
1.86169
1.88788
1.91405
1.94022
1.9664
1.99267
2.01883
2.045
2.07116
2.09729
2.12345
2.14962
2.17578
2.20194
2.2281
2.25426
2.28042
2.30658
2.33274
2.35889
2.38505
2.41121
2.43736
2.46352
2.48967
2.51583
2.54198
2.56813
2.59429
2.62044
2.64663
2.67278
2.69893
2.72509
2.75114
2.77728
2.80343
2.82958
2.85571
2.88185
2.908
2.93411
2.96026
2.98639
3.01256
3.03871
3.06478
3.09093
3.11706
-3.13998
-3.11387
-3.08772
-3.06144
-3.0353
-3.00934
-2.98322
-2.95707
-2.93096
-2.90481
-2.87866
-2.85257
-2.82643
-2.8003
-2.7742
-2.74805
-2.72184
-2.6958
-2.66967
-2.64352
-2.61742
-2.59127
-2.56517
-2.53902
-2.51289
-2.48677
-2.46033
-2.43453
-2.4084
-2.38224
-2.35612
-2.32996
-2.30388
-2.27774
-2.25162
-2.22542
-2.19936
-2.17322
-2.14709
-2.12094
-2.09478
-2.06867
-2.04253
-2.01641
-1.99011
-1.96414
-1.93799
-1.91186
-1.88569
-1.85959
-1.83344
-1.80731
-1.78109
-1.75503
-1.72887
-1.70274
-1.67656
-1.65045
-1.6243
-1.59816
-1.48475
-1.54586
-1.5197
-1.49357
-1.46738
-1.44126
-1.41509
-1.38895
-1.36272
-1.33665
-1.31048
-1.28433
-1.25814
-1.23202
-1.20585
-1.1797
-1.15337
-1.12737
-1.10121
-1.07505
-1.04886
-1.02272
-0.996543
-0.970345
-0.944197
-0.917948
-0.891858
-0.865677
-0.839516
-0.813325
-0.787182
-0.760999
-0.734796
-0.708632
-0.682127
-0.656292
-0.630106
-0.60394
-0.577734
-0.551527
-0.525389
-0.499201
-0.472993
-0.446824
-0.420575
-0.394466
-0.368256
-0.342066
-0.315905
-0.289695
-0.263484
-0.237333
-0.211122
-0.18493
-0.158719
-0.132557
-0.106215
-0.0800031
-0.0539813
-0.0277693
-0.00157724
0.0246348
0.0508068
0.0770188
0.103231
0.129443
0.155594
0.181796
0.208007
0.234199
0.26041
0.286621
0.312791
0.339002
0.365212
0.391402
0.417671
0.44388
0.470089
0.496297
0.522395
0.548603
0.57481
0.601017
0.627223
0.653429
0.679634
0.705839
0.732043
0.758246
0.784449
0.810652
0.836853
0.863055
0.889255
0.915455
0.941654
0.967853
0.994051
1.02025
1.04644
1.07275
1.09894
1.12514
1.15133
1.17746
1.20368
1.22987
1.25606
1.28229
1.30848
1.33466
1.36087
1.38706
1.41325
1.43949
1.46567
1.49186
1.51804
1.54427
1.57045
1.59665
1.62283
1.6492
1.67537
1.70142
1.7276
1.75381
1.78
1.80618
1.83242
1.85859
1.88476
1.91097
1.93716
1.96333
1.9896
2.01572
2.04191
2.0681
2.09429
2.12051
2.14667
2.17283
2.19904
2.22523
2.25175
2.27761
2.30378
2.32996
2.35614
2.38237
2.40852
2.43472
2.4609
2.48716
2.51327
2.53944
2.56562
2.59179
2.61801
2.64416
2.67036
2.69653
2.72287
2.74889
2.77508
2.80125
2.82747
2.85362
2.87981
2.90598
2.93224
2.95835
2.98454
3.0107
3.03691
3.06306
3.08926
3.11543
-3.05444
