0.353703
0.370982
0.388277
0.40559
0.422916
0.440255
0.457604
0.474962
0.492328
0.509703
0.527084
0.544471
0.561863
0.579261
0.596663
0.614068
0.631478
0.648892
0.666307
0.683726
0.701147
0.718572
0.735999
0.753426
0.770857
0.788289
0.805722
0.823157
0.840594
0.858031
0.87547
0.89291
0.910352
0.927794
0.945236
0.96268
0.980124
0.997569
1.01501
1.03246
1.04991
1.06735
1.0848
1.10225
1.1197
1.13715
1.1546
1.17205
1.1895
1.20695
1.2244
1.24185
1.25931
1.27675
1.29421
1.31165
1.32911
1.34656
1.36402
1.38146
1.39892
1.41637
1.43382
1.45128
1.46873
1.48618
1.50363
1.52108
1.53854
1.55599
1.57344
1.5909
1.60835
1.6258
1.64326
1.66071
1.67817
1.69562
1.71307
1.73053
1.74799
1.76544
1.78289
1.80034
1.8178
1.83525
1.85271
1.87016
1.88762
1.90508
1.92253
1.93998
1.95744
1.9749
1.99236
2.00981
2.02727
2.04473
2.06219
2.07964
2.0971
2.11456
2.13203
2.14949
2.16694
2.18441
2.20187
2.21934
2.23679
2.25426
2.27173
2.2892
2.30667
2.32413
2.34161
2.35908
2.37656
2.39403
2.41151
2.42899
2.44647
2.46396
2.48144
2.49893
2.51643
2.53393
2.55142
2.56893
2.58644
2.60396
2.62147
2.639
2.65653
2.67407
2.69161
2.70917
2.72674
2.74432
2.76191
2.77952
2.79715
2.8148
2.83247
2.85018
2.86791
2.88569
2.90352
2.92142
2.93939
2.95746
2.97566
2.99404
3.01267
3.03165
3.05117
3.07157
3.09354
3.1188
-3.13025
-3.05249
2.79337
-3.13855
1.68785
-2.9526
-2.97442
-0.758927
-3.12231
3.10361
3.13987
-2.38735
-2.98966
2.98667
-2.91274
3.06193
0.559471
-3.0734
3.10659
-2.8512
-0.851422
-3.12519
3.14159
-3.12415
-3.1067
-3.08925
-3.07179
-3.05434
-3.03689
-3.01943
-3.00198
-2.98453
-2.96707
-2.94962
-2.93216
-2.91472
-2.89726
-2.8798
-2.86235
-2.8449
-2.82744
-2.80999
-2.79254
-2.77508
-2.75763
-2.74018
-2.72272
-2.70528
-2.68782
-2.67037
-2.65292
-2.63547
-2.61801
-2.60056
-2.5831
-2.56565
-2.54819
-2.53074
-2.5133
-2.49583
-2.47838
-2.46093
-2.44347
-2.42603
-2.40857
-2.39111
-2.37367
-2.35621
-2.33876
-2.3213
-2.30385
-2.2864
-2.26894
-2.2515
-2.23404
-2.21658
-2.19914
-2.18168
-2.16422
-2.14677
-2.12931
-2.11187
-2.09442
-2.07696
-2.05951
-2.04206
-2.0246
-2.00715
-1.98968
-1.97224
-1.95478
-1.93733
-1.91988
-1.90242
-1.88497
-1.86752
-1.85006
-1.83261
-1.81515
-1.79771
-1.78025
-1.7628
-1.74535
-1.72789
-1.71044
-1.69299
-1.67553
-1.65808
-1.64062
-1.62317
-1.60572
-1.58826
-1.57081
-1.55335
-1.53591
-1.51845
-1.501
-1.48354
-1.46609
-1.44864
-1.43119
-1.41372
-1.39628
-1.37883
-1.36137
-1.34392
-1.32646
-1.30902
-1.29156
-1.27411
-1.25665
-1.23919
-1.22175
-1.20429
-1.18683
-1.16939
-1.15193
-1.13448
-1.11703
-1.09958
-1.08212
-1.06467
-1.04721
-1.02975
-1.0123
-0.994852
-0.9774
-0.959948
-0.942496
-0.925043
-0.90759
-0.890136
-0.872673
-0.855219
-0.837775
-0.82032
-0.802866
-0.785421
-0.767955
-0.75051
-0.733044
-0.715608
-0.698142
-0.680695
-0.663239
-0.645782
-0.628335
-0.610887
-0.59343
-0.575972
-0.558524
-0.541066
-0.523607
-0.506159
-0.48871
-0.471251
-0.453802
-0.436342
-0.418893
-0.401443
-0.383984
-0.366534
-0.349915
0.124186
0.081254
0.0819949
0.0916267
0.104542
0.11905
0.134429
0.150358
0.166638
0.183158
0.199858
0.216688
0.233628
0.250638
0.267718
0.284839
0.302009
0.319209
0.336449
0.353699
