0
0.0174961
0.0349922
0.0524882
0.0699843
0.0874802
0.104976
0.122471
0.139968
0.157463
0.174959
0.192454
0.209949
0.227445
0.24494
0.262434
0.279929
0.297423
0.314917
0.332411
0.349904
0.367398
0.384891
0.402384
0.419877
0.437368
0.454861
0.472352
0.489844
0.507335
0.524825
0.542315
0.559805
0.577294
0.594783
0.612271
0.62976
0.647247
0.664735
0.682222
0.699707
0.717193
0.734678
0.752163
0.769648
0.787132
0.804615
0.822098
0.83958
0.857061
0.874542
0.892023
0.909503
0.926982
0.944461
0.961939
0.979416
0.996893
1.01437
1.03184
1.04932
1.06679
1.08427
1.10174
1.11921
1.13668
1.15416
1.17163
1.1891
1.20656
1.22403
1.2415
1.25897
1.27643
1.2939
1.31136
1.32883
1.34629
1.36375
1.38121
1.39868
1.41614
1.43359
1.45106
1.46851
1.48597
1.50342
1.52088
1.53833
1.55579
1.57324
1.59069
1.60815
1.6256
1.64305
1.6605
1.67795
1.6954
1.71284
1.7303
1.74774
1.76518
1.78263
1.80007
1.81752
1.83496
1.85241
1.86984
1.88728
1.90473
1.92216
1.9396
1.95703
1.97448
1.99191
2.00935
2.02678
2.04422
2.06165
2.07908
2.09651
2.11395
2.13138
2.14881
2.16623
2.18366
2.20109
2.21853
2.23595
2.25338
2.27081
2.28822
2.30565
2.32307
2.3405
2.35792
2.37535
2.39277
2.41019
2.42761
2.44504
2.46245
2.47987
2.4973
2.51471
2.53213
2.54954
2.56697
2.58439
2.6018
2.61922
2.63663
2.65404
2.67146
2.68888
2.7063
2.72371
2.74112
2.75854
2.77595
2.79337
2.81078
2.82819
2.8456
2.86302
2.88043
2.89784
2.91524
2.93266
2.95007
2.96748
2.98489
3.00231
3.01972
3.03713
3.05454
3.07195
3.08936
3.10677
3.12418
3.14159
-3.12419
-3.10677
-3.08936
-3.07195
-3.05454
-3.03713
-3.01971
-3.00231
-2.9849
-2.96749
-2.95007
-2.93266
-2.91525
-2.89784
-2.88042
-2.86301
-2.8456
-2.82819
-2.81077
-2.79336
-2.77595
-2.75853
-2.74112
-2.72371
-2.70629
-2.68888
-2.67146
-2.65405
-2.63663
-2.61922
-2.6018
-2.58438
-2.56696
-2.54955
-2.53213
-2.51471
-2.49729
-2.47988
-2.46245
-2.44503
-2.42761
-2.41019
-2.39277
-2.37534
-2.35792
-2.3405
-2.32308
-2.30565
-2.28823
-2.2708
-2.25338
-2.23595
-2.21852
-2.20109
-2.18367
-2.16624
-2.14881
-2.13137
-2.11394
-2.09651
-2.07909
-2.06165
-2.04422
-2.02678
-2.00934
-1.99191
-1.97447
-1.95704
-1.9396
-1.92217
-1.90472
-1.88728
-1.86985
-1.8524
-1.83496
-1.81751
-1.80008
-1.78263
-1.76519
-1.74774
-1.73029
-1.71285
-1.6954
-1.67795
-1.6605
-1.64306
-1.6256
-1.60815
-1.5907
-1.57325
-1.55579
-1.53834
-1.52088
-1.50343
-1.48597
-1.46851
-1.45105
-1.4336
-1.41613
-1.39867
-1.38122
-1.36375
-1.34629
-1.32882
-1.31136
-1.2939
-1.27644
-1.25897
-1.2415
-1.22404
-1.20657
-1.18909
-1.17162
-1.15415
-1.13669
-1.11922
-1.10174
-1.08427
-1.0668
-1.04932
-1.03185
-1.01436
-0.996893
-0.979411
-0.961939
-0.944457
-0.926984
-0.909501
-0.892018
-0.874544
-0.85706
-0.839576
-0.822102
-0.804617
-0.787132
-0.769647
-0.752161
-0.734676
-0.71719
-0.699703
-0.682217
-0.66473
-0.647243
-0.629756
-0.612269
-0.594781
-0.577293
-0.559805
-0.542317
-0.524828
-0.50733
-0.489841
-0.472352
-0.454863
-0.437374
-0.419874
-0.402385
-0.384895
-0.367395
-0.349905
-0.332415
-0.314914
-0.297424
-0.279933
-0.262433
-0.244942
-0.227441
-0.20995
-0.192449
-0.174958
-0.157467
-0.139966
-0.122475
-0.104974
-0.0874822
-0.0699809
-0.0524895
-0.0349881
-0.0174967
4.69857e-06
